11,926
4294967278,291
4294967278,290
11,925
4294967278,286
11,924
4294967278,285
4294967279,527
12,5
11,923
11,922
4294967279,521
4294967278,282
4294967278,281
4294967278,280
11,921
11,920
11,919
11,918
11,917
11,916
11,915
11,914
11,913
11,912
11,911
11,910
11,909
11,908
11,907
11,906
11,905
11,904
11,903
11,902
11,901
11,900
11,899
11,898
11,897
11,855
11,831
11,830
11,829
11,828
11,827
11,826
11,825
11,824
11,823
11,822
11,821
4294967279,520
11,820
11,819
11,818
11,817
11,816
11,815
11,814
11,813
4294967279,519
11,812
4294967278,279
4294967279,518
4294967279,517
4294967278,278
4294967278,277
12,18
4294967279,317
4294967279,516
4294967279,515
4294967278,275
4294967278,447
4294967279,566
4294967278,376
4294967279,514
4294967279,513
4294967278,256
11,811
4294967278,446
11,810
11,809
11,9
11,808
11,807
11,806
11,805
11,804
11,803
11,802
11,801
11,800
11,799
11,798
11,797
11,796
11,795
11,794
11,793
11,792
11,791
11,790
11,789
4294967293,131
4294967293,130
4294967293,129
4294967293,128
4294967293,127
4294967293,126
4294967293,125
4294967293,124
4294967293,123
4294967293,122
4294967293,121
4294967293,120
4294967293,119
4294967293,118
4294967293,117
4294967293,116
4294967293,115
4294967293,114
4294967293,113
4294967293,112
4294967293,111
4294967293,110
4294967293,109
4294967293,108
4294967293,107
4294967293,106
4294967293,105
4294967293,104
4294967293,103
4294967293,102
4294967293,101
4294967293,100
4294967293,99
4294967293,98
4294967293,97
4294967293,96
4294967293,95
4294967293,94
4294967293,93
4294967293,92
4294967293,91
4294967293,90
4294967293,89
4294967293,88
4294967293,87
4294967293,86
4294967293,85
4294967293,84
4294967293,83
4294967293,82
4294967293,81
4294967293,80
4294967293,79
4294967293,78
4294967293,77
4294967293,76
4294967293,75
4294967293,74
4294967293,73
4294967293,72
4294967293,71
4294967293,70
4294967293,69
4294967293,68
4294967293,67
4294967293,66
4294967293,65
4294967293,64
4294967293,63
4294967293,62
4294967293,61
4294967293,60
4294967293,59
4294967293,58
4294967293,57
4294967293,56
4294967293,55
4294967293,54
4294967293,53
4294967293,52
4294967293,51
4294967293,50
4294967293,49
4294967293,48
4294967293,47
4294967293,46
4294967293,45
4294967293,44
4294967293,43
4294967293,42
4294967293,41
4294967293,40
4294967293,39
4294967293,38
4294967293,37
4294967293,36
4294967293,35
4294967293,34
4294967293,33
4294967293,32
4294967293,31
4294967293,30
4294967293,29
4294967293,28
4294967293,27
4294967293,26
4294967293,25
4294967293,24
4294967293,23
4294967293,22
4294967293,21
4294967293,20
4294967293,19
4294967293,18
4294967293,17
4294967293,16
4294967293,15
4294967293,14
4294967293,13
4294967293,12
4294967293,11
4294967293,10
4294967293,9
4294967293,8
4294967293,7
4294967293,6
4294967293,5
4294967293,4
4294967293,3
4294967293,2
4294566162,0
4294566161,0
4294566160,0
4294566159,0
4294566158,0
4294566157,0
4294566156,0
4294566155,0
4294566154,0
4294566153,0
4294967293,0
4294967278,157
4294967278,45
4294967278,430
4294967278,156
4294967278,44
4294967278,283
4294967278,155
4294967278,43
4294967278,344
4294967278,154
4294967278,42
4294967278,343
4294967278,153
4294967278,41
4294967278,384
4294967278,152
4294967278,40
4294967278,342
4294967278,151
4294967278,39
4294967278,341
4294967278,150
4294967278,38
4294967278,340
4294967278,149
4294967278,37
4294967278,339
4294967278,148
4294967278,36
4294967278,368
4294967278,147
4294967278,35
4294967278,429
4294967278,146
4294967278,34
4294967278,338
4294967278,145
4294967278,33
4294967278,413
4294967278,144
4294967278,32
4294967278,412
4294967278,143
4294967278,31
4294967278,411
4294967278,142
4294967278,30
4294967278,410
4294967278,141
4294967278,29
4294967278,428
4294967278,140
4294967278,28
4294967278,409
4294967278,139
4294967278,27
4294967278,444
4294967278,138
4294967278,26
4294967278,273
4294967278,404
4294967278,25
4294967278,408
4294967278,136
4294967278,24
4294967278,425
4294967278,135
4294967278,23
4294967278,437
4294967278,134
4294967278,22
4294967278,418
4294967278,133
4294967278,21
4294967278,443
4294967278,272
4294967278,20
4294967278,417
4294967278,271
4294967278,19
4294967278,424
4294967278,270
4294967278,18
4294967278,406
4294967278,269
4294967278,17
4294967278,427
4294967278,268
4294967278,16
4294967278,416
4294967278,267
4294967278,15
4294967278,423
4294967278,266
4294967278,14
4294967278,391
4294967278,265
4294967278,13
4294967278,442
4294967278,264
4294967278,12
4294967278,415
4294967278,263
4294967278,11
4294967278,422
4294967278,262
4294967278,10
4294967278,276
4294967278,261
4294967278,9
4294967278,379
4294967278,259
4294967278,8
4294967278,378
4294967278,258
4294967278,7
4294967278,257
4294967278,6
4294967278,255
4294967278,397
4294967278,5
4294967278,274
4294967278,436
4294967278,4
4294967278,3
4294967279,254
4294967279,355
4294967279,132
4294967279,548
4294967279,251
4294967279,131
4294967279,376
4294967279,250
4294967279,130
4294967279,525
4294967279,339
4294967279,129
4294967279,565
4294967279,248
4294967279,128
4294967279,367
4294967279,247
4294967279,127
4294967279,327
4294967279,380
4294967279,126
4294967279,564
4294967279,246
4294967279,125
